11339
17976
7828
13132
6707
14256
10909
9015
14023
13151
9740
7243
6581
7075
10980
8263
8316
15968
7450
13021
6476
11179
11802
12900
10917
7008
9279
13770
11267
18042
25211
14365
9304
18365
7168
14122
7632
6720
7750
6491
5877
14286
20686
19001
10823
13437
7629
6771
7372
5953
7458
5738
6906
15873
10681
6524
10696
10129
14431
9964
13609
11518
5433
10694
5888
7569
14173
12095
38863
30180
54603
61470
46041
41002
16954
14210
16855
11488
26405
9007
10345
30977
14932
7864
9605
9743
9097
8322
14560
46100
64534
79489
57111
103212
7614
11311
7986
7532
9949
11299
7430
8621
6145
8752
6160
8967
32763
45435
10104
10048
16839
8984
6802
7886
5714
17799
12791
9107
9846
20533
20518
13642
10383
6910
11411
15887
14780
7826
15468
12227
11403
5818
7871
6922
12860
13280
13477
8518
9136
28810
17493
15664
10756
7306
5283
6255
16318
10283
11270
23999
7992
9858
6988
9215
48799
7806
14327
28602
41857
7793
12070
8931
16634
8501
6980
6966
6985
10048
9704
6982
5418
6240
6738
16669
16247
10590
7188
5326
12272
7220
14777
12279
11703
7510
15433
13634
8741
6728
6271
8266
26275
9388
15429
8474
9475
6539
6298
7966
8151
10809
11274
9127
7205
5245
6593
5382
6753
4481
7336
9004
8725
18068
9397
6195
10642
22767
12189
16183
33967
17653
12436
14046
8734
9131
8252
13583
7906
7554
7541
6052
8628
6459
6473
6028
6367
22875
52143
17350
37054
43622
53586
50812
32984
40007
23342
15689
21990
31460
11829
31589
24616
17555
7039
16048
10826
11355
16306
11987
8289
13404
6954
5425
4882
6360
5168
7416
5247
10655
14594
12851
7700
5930
5142
6681
5765
9279
6892
8298
6568
9685
8024
6352
7220
10096
8833
6493
5967
6501
8637
9304
14520
17745
16508
11118
11080
7918
8625
6156
5981
5462
8440
9471
9943
8354
8680
9190
7450
8310
7918
8082
7164
7010
8066
5900
23612
18688
31068
24295
16565
23247
17328
13315
8801
5690
6946
9414
6586
5876
5717
5625
6242
6069
5811
5733
6928
5680
11013
8135
6785
6198
11286
7330
8188
7723
8287
7099
10348
16900
7983
5802
7210
25802
14501
6478
6190
6925
6650
8351
8607
8208
6419
7485
6594
5782
7305
9720
12552
6007
6602
18787
6872
5959
6306
5984
8698
8791
7375
5399
5759
6191
14947
7568
8658
7240
5458
11546
6173
7279
8964
8678
6174
9640
5437
11993
5679
5576
7564
9768
6939
31766
20015
8520
6346
13684
6559
13340
6104
5752
5219
5286
7269
6160
14221
10790
6556
6209
15045
9045
8113
10765
9417
18015
17493
19034
7436
14311
24716
9157
22590
8242
25330
18062
16508
41802
13267
7714
14110
6907
6500
7710
8470
16076
7001
18922
8968
14991
12050
9457
7103
16580
14142
8064
10499
8891
5882
13407
9244
6651
10124
10795
10167
16805
16557
9573
15206
14274
19397
9737
24469
33074
15458
6137
21007
7801
10794
7959
56276
26629
19084
23735
13429
9004
6108
24558
9318
13187
11212
9478
9023
10116
8734
17161
15529
15875
14873
25559
19125
22809
11108
7405
7750
11407
6851
11600
10084
10857
7681
9816
15135
30104
14286
8176
14387
6293
9982
12485
8447
10140
12979
6116
10475
9958
7945
13727
11344
8531
10570
8013
16916
8652
17978
7706
5397
6644
5988
5173
8226
7723
7889
8411
22518
9141
16258
9780
12126
7251
7876
7357
12884
9774
8384
12586
13116
7836
24378
18200
13241
25579
11679
16939
14008
39486
33272
16355
22276
24045
19744
33315
24321
17167
44142
23592
16630
15447
23040
16347
31150
42274
37452
11218
14963
13466
19570
17616
24755
17634
16130
17316
17866
15345
14620
10104
8059
11824
15721
10026
26274
20245
12562
12134
9376
13872
13461
6460
14539
13037
10048
15211
8099
13803
21051
20417
8955
14525
10552
8314
13042
11877
8185
27235
13223
24154
18727
48525
13811
18493
9854
16543
9914
6684
7238
9669
15151
13567
9250
7752
54506
31307
43269
15091
21618
9997
7026
10093
12812
7608
9348
10470
17234
6436
32201
15744
19169
12801
17755
24583
47850
19684
22447
19899
15397
6669
18498
11699
16016
10509
12470
17114
18738
12031
12059
11649
13528
6941
13086
8737
9802
5749
8803
7219
6401
13858
24481
31291
27747
22197
16473
6756
15423
30847
13007
7386
7683
6411
6420
5321
8700
8104
5752
9460
11562
11671
11097
10410
9743
8404
10411
10055
6619
9546
9784
7536
11442
6956
11358
10866
18444
13188
7327
9147
6075
18916
8464
8121
9160
6018
8044
6132
7305
7788
8651
8637
17139
8325
9486
8652
6671
5341
7326
21193
15368
10240
15173
11196
19540
20958
7633
16110
11576
12556
7474
6291
7155
26531
10008
27463
6628
36841
19684
11253
7477
29729
29367
20150
38963
22111
19200
37339
19773
8622
11259
7940
12170
12103
12664
9102
9996
11634
9991
10174
6396
10734
9389
7057
4759
5519
6094
25592
11539
17808
15168
14625
14742
8341
6723
8579
6023
5969
8626
11830
28891
22943
15037
6993
20566
45080
7494
7626
14975
9809
6523
5045
10218
9863
7577
11055
7860
8791
7713
5895
6370
6251
5586
4956
10666
7343
7720
6447
5797
6582
6850
7403
5976
5043
5340
4729
10648
6361
5499
5716
5663
5631
6642
8079
8002
13827
9695
5754
11760
10851
6693
23998
20824
22790
18531
14824
8191
8030
11747
9290
7635
7619
5872
6132
6320
7863
6653
5659
5838
5450
5943
8216
6327
7770
7097
7153
8118
8183
7366
6123
5402
5989
5724
9422
7683
17997
11051
10203
5800
5624
6833
5144
6377
4611
11022
9141
8523
9738
20313
15265
16569
9657
14161
8228
9321
9677
12571
7079
9421
6467
8738
7131
6839
7230
7225
5957
6682
7925
7046
18759
8492
16160
8833
11412
18596
13002
12220
13891
10703
7752
8979
7388
6577
5181
7916
6661
8541
9680
8237
6255
11498
17300
13002
12430
9553
9725
8686
16106
10630
7043
10067
9957
5447
10989
11122
10883
12635
7727
9473
6761
12454
7887
7583
5641
7474
9215
9047
8739
7970
10442
8267
11392
9202
6912
8124
6410
8498
5917
6501
9149
16253
17991
10048
12680
17964
7095
11981
6661
7095
16831
9972
12113
10130
8287
11619
8349
6450
9703
6755
15552
6618
9110
6622
6817
6260
5527
8128
6080
7755
13972
7308
5573
12103
7703
11948
6004
11649
6154
10588
6652
6478
22739
10396
9109
5433
6855
6626
5320
10244
5965
6445
6536
5605
7315
10316
6801
5055
6714
8050
9244
8804
8349
7544
6917
7702
6287
9515
11597
11344
8169
7228
7584
5989
6716
26637
11633
10820
8406
10365
7712
16908
11357
17588
9817
10918
16920
16365
11337
15180
15712
23196
11876
9198
5649
7366
6484
6966
5241
7286
8060
8695
6799
10389
8140
8258
7581
9213
9324
16280
12211
17449
11421
5171
8931
15630
5209
6011
4829
6456
6443
5869
6723
7677
6938
6896
7371
13090
16623
11466
8461
22749
13281
15953
10601
7201
4675
9439
7918
8356
5659
30239
26247
40005
19851
28330
33480
14106
6372
18301
10424
8282
7520
11190
8472
14630
8412
12655
13718
19250
14593
15783
12553
11014
10245
8280
8367
6788
4970
13050
9539
6458
7594
8535
5956
6250
6893
7505
5966
10893
9627
14687
13437
8512
10506
9297
7870
31067
17411
22671
15481
8191
6436
11726
8087
39730
9169
46809
19978
18494
12275
15307
20719
11453
15713
21406
12143
38548
14071
45330
11348
16506
19718
30003
34602
38816
25806
15551
17138
36883
56376
11658
22658
10407
16579
14852
9110
18484
11247
11516
16392
16156
9124
15717
7555
6621
7216
30116
18820
17399
7646
18408
11221
18497
12896
11735
17879
12121
17810
15554
14091
11840
11601
16009
13771
8166
8566
7577
6411
16811
17311
6925
14666
15474
25917
6663
26751
11439
13190
22062
23202
32811
9943
42691
25522
36723
19480
17095
36113
15298
16012
41073
50034
17008
22549
14959
35837
14250
8022
50470
19841
25742
38802
30065
9008
21175
17210
12644
35263
10808
10206
9397
13059
15030
9729
18729
17543
20573
17682
11454
11671
24068
21058
14131
9794
9966
29707
7760
6428
11863
9017
18848
15531
22925
13191
8128
15432
8904
6757
9221
10614
13585
10291
8551
6650
6557
9760
10628
8054
14279
9095
10398
12774
9841
15916
11496
12466
35735
20213
13887
16254
22886
19864
31671
19639
8360
14234
27364
35735
21536
12296
8159
5999
6857
9874
12274
12362
14907
34913
37444
16822
34344
39856
22698
36569
24768
23010
12274
17139
12245
12391
9366
23120
21718
28917
11960
12419
9729
15984
42081
7760
9955
17589
15641
19619
34598
14246
15342
13113
28135
15725
10423
16758
8445
7780
9904
15504
17408
13184
11524
10934
21040
10059
10693
14774
17049
16728
24849
13315
23178
45493
25153
17427
12119
13862
29476
30664
14484
27001
22345
12622
12374
19367
20689
14715
9809
14719
11246
8790
10732
6843
9051
5147
8144
16356
14511
9765
18354
9948
10319
11658
18422
13011
15748
23949
15826
13787
21970
14389
11458
6134
7821
9537
9020
8733
7965
6068
7473
7300
13601
13925
11030
12576
6996
7983
6982
5500
5571
7944
5788
4689
9115
8751
8372
5688
6376
6343
9175
13604
8959
26615
23341
29042
12888
12314
7175
13472
6622
7350
9960
10216
10162
11055
10573
12011
11570
8540
8017
10807
16208
10923
8958
24226
14125
14385
18813
14277
9974
8673
9719
18328
10632
7703
12532
26919
13964
41237
15409
24838
37599
16472
11407
23478
8874
7530
8014
9903
19443
14363
14657
11235
16576
19272
14527
20385
15846
13301
18475
14600
21178
15589
8999
8524
7506
11966
7991
7352
9272
9779
10712
13620
18560
7055
11007
9051
6508
8076
8697
7335
8593
11563
7203
7182
6440
21979
10368
18493
12146
9134
9510
7434
9240
9289
8627
13525
14510
12894
9202
11942
7578
7872
17079
16908
17912
16178
13576
17586
11814
11865
11795
11458
9847
10106
7687
16194
7812
11984
10478
11277
9903
6567
12893
5482
7296
7370
7607
13550
10513
11808
11901
9533
5713
5951
10281
8702
6568
5927
5532
6778
6045
5645
6654
6378
5453
10914
7473
6871
7879
7358
8169
6122
5422
13708
8769
15347
10476
5628
8375
10158
7233
6378
4723
9263
6042
5219
8134
11097
28117
30267
9181
17918
10542
8561
13867
10972
17510
6826
6874
7488
6570
6808
10178
6370
57946
48633
40515
10872
18250
31386
11248
9459
5088
6003
4933
7708
5640
5762
5897
5867
5158
6192
5673
6835
22120
27480
13235
16245
9454
9882
11713
12590
10961
7432
6786
5945
11839
7230
7907
7665
8742
12203
8895
10253
10692
7666
11974
8467
7293
5098
4544
4390
7551
6374
4726
12711
7516
13369
29301
6300
4877
8801
14943
9367
6125
5580
4853
6356
4793
7843
9584
8097
6018
4600
5246
4407
6439
6593
5624
7559
5409
6156
17530
9127
5955
13751
8799
7577
8200
6759
7783
7497
14115
9668
11166
8132
9093
18361
12285
16498
12381
10436
6739
5792
6433
6391
9718
7465
5193
4545
6770
7029
7409
6098
5768
5798
8786
8767
9839
6585
6802
24360
24743
8565
8026
15990
9201
5998
7957
13108
13626
17413
21962
8332
7191
9482
7758
11416
11256
10590
8250
11139
13979
22274
20655
13343
9544
14158
11615
7169
10532
51117
47085
22824
34835
12229
21375
12111
9479
8039
13459
12353
10905
10112
9619
9278
13216
8056
6799
20042
32951
11535
9598
8721
6426
8745
14541
7613
6723
7783
8487
7411
7127
8855
4953
10726
21456
9937
30141
15512
21761
13041
18348
12382
10034
14696
8336
20915
8124
24324
15118
12090
14553
18344
10309
9319
8616
14643
7346
8575
11960
16402
37628
12666
28259
25691
27772
10402
15448
19657
12295
10437
29324
19721
8925
8676
7866
6249
6236
9215
8592
12454
14860
12115
49304
20432
48305
44739
23030
40658
26452
13584
20276
16950
16949
26469
18746
9556
16272
13466
20335
61697
29546
98759
45093
72994
26122
80652
55981
44689
32462
18581
30012
7744
18334
8206
8282
15519
35871
13819
26437
27388
19007
13736
32696
28244
10657
14592
7950
23132
18104
16493
14071
10440
6988
7544
6933
6937
9131
11515
31918
20802
9916
12585
20211
9400
11972
5931
26141
9421
18169
11159
29491
19905
46997
18190
39265
21694
16477
29677
21639
13385
28119
26989
18877
8612
15694
7051
14411
13722
7940
8659
13287
14344
10553
12131
10014
14301
14222
10395
7155
12444
10259
7251
5936
18239
7409
15478
10998
7537
12627
11060
11485
17630
14379
22218
12534
21169
31867
15751
9647
8266
17517
24947
35925
22200
17474
15877
23160
8939
6942
6875
8725
8910
6728
7025
6368
6529
9383
10589
20619
10210
23925
21065
11075
8625
5780
4959
8553
16994
16077
29784
10382
8352
8770
9955
11777
6578
12097
11722
9701
9237
12137
11936
9244
11447
8962
8316
9125
12141
10204
19589
8201
17941
12164
7914
8577
13249
10526
9185
15371
10149
7859
5606
6816
17936
6372
34839
17864
9128
8938
10623
11180
10168
8201
6952
6314
9819
12187
7093
7299
7379
6160
5394
5064
5704
6007
7553
6474
6787
7224
7677
7155
6503
9853
8575
6808
6314
8154
6604
8072
7872
8680
11543
9481
5140
8190
6562
6646
5138
7557
5437
11614
8289
5637
5303
5059
4671
6418
5298
5107
8050
9424
6933
6586
4729
13902
10208
17700
6461
5795
6560
7733
11342
7567
5243
5110
9269
8129
8109
8743
8312
8040
6280
9142
9162
6499
6425
5458
13686
13928
8123
7678
9611
11003
16793
8060
7800
6636
9117
6749
10438
7803
12669
12828
7934
8768
6096
6163
5829
6417
6707
5603
6200
5284
17362
15315
21965
17358
12956
5665
17011
13865
4857
11003
5171
7466
19255
19031
10067
6533
6789
4921
4426
4938
7025
7318
4911
4355
6223
12363
14504
13208
9661
6005
6250
6693
6677
5206
7360
18787
13953
10938
22635
44303
7253
15214
8463
9094
8213
12879
9181
6450
7279
4517
5064
5388
4537
5048
9372
6130
6365
4468
5854
6540
5325
9670
24954
15034
20369
9012
8838
10230
5920
12153
5610
9362
7895
7259
5583
6151
6807
6470
6045
5857
5928
12635
5691
11312
6368
5430
4655
18366
12807
10606
7269
8409
14773
13116
10221
6628
6915
16129
7372
15524
21368
6729
6370
6180
13246
7693
8242
10655
6912
6482
6354
6574
6133
6125
5965
6002
6550
5815
5650
4721
7954
5584
6771
5609
8589
5449
6841
5579
4961
5118
9764
8102
5465
21245
8260
7852
6944
13051
11355
14149
10551
11106
9628
8294
6823
7882
8293
6618
8175
10603
8552
6317
5661
6490
11967
7945
13637
8284
9288
9528
12651
12827
8216
7129
7261
7278
10424
8099
6022
6907
6082
6163
5740
11356
6938
6778
6523
7486
7680
6427
8157
6541
6338
6509
11936
12114
11106
7552
20774
13162
14097
26418
9839
11178
10776
13201
8884
7241
8802
9674
9196
7554
18961
12826
11274
16331
11109
8522
13411
9120
29423
14381
19872
34938
13254
27835
24492
45334
23660
17237
11550
12843
12231
7180
7227
7449
16510
23817
8184
18310
31012
9568
16622
23522
9982
5916
7923
13854
7211
6583
8001
14065
21977
20576
11841
16515
9830
25381
26492
24763
13515
9422
7522
24879
12910
13474
12495
7166
10473
7580
5360
15143
11260
13826
17106
13200
13856
12112
13649
13859
12805
6266
7273
6731
17158
12072
11994
14086
11527
5913
4770
6302
6291
5391
6245
6539
16423
9156
7046
8752
9734
8004
7108
8194
14196
8233
10902
17035
10894
14825
11332
12300
13354
14123
14720
9440
6531
9692
8244
8965
7914
6020
4990
7890
8107
5704
8392
7394
5279
22128
13157
11861
6481
6012
5986
7440
5868
7503
9474
7319
17280
19574
13766
7870
7061
8335
6239
5834
7004
6747
15945
8961
5689
6449
7340
9396
7906
10596
20368
28632
23130
11053
21859
39301
17351
15223
17549
14040
27386
15336
8151
14657
6253
12971
11844
13166
13377
7777
5844
7142
5667
6840
14272
9649
13773
14212
8803
7980
6427
6027
5383
7425
7463
8451
23623
13391
35759
14878
16884
29620
13937
9902
7565
7792
7428
14421
9350
9604
8778
10592
12047
7858
14743
26544
22599
11800
10519
8565
8379
7070
6885
17968
6996
10299
9350
12935
9594
9202
25738
17106
12571
15742
8099
8891
5538
8809
7404
6930
7593
7269
9095
5579
6420
7115
9701
8929
8857
8372
6541
6529
6367
8516
6774
11297
8660
7693
6656
9422
20160
8252
20735
8926
13178
12516
14091
12698
15656
6982
14124
6477
27808
11728
9452
7239
7655
7208
9127
5592
5537
8571
6405
4806
5232
6200
10236
7570
8872
5441
4557
6047
9082
10049
22172
24617
8999
16199
6090
34018
22417
17213
7193
6106
6233
6421
9453
7552
8734
9141
16632
22013
8659
14008
6666
9647
7101
9300
5725
6252
8142
8304
6924
9754
5880
5006
6335
5437
12126
11448
8595
5878
5433
7969
8064
25924
19644
11579
16723
9033
7046
24748
7191
24128
7878
9554
8225
12878
13155
7753
6442
5314
5894
5709
6311
6621
9042
15128
9846
7827
9677
5290
6216
5816
8780
8752
8361
8009
13761
10171
8368
11411
7389
5841
5453
6559
9471
7037
6050
6809
15537
16858
15194
9899
7828
5891
6686
7985
6250
10820
9346
5837
5599
35279
17348
23395
19998
23982
48557
22090
20988
14061
6247
10484
8936
5584
11611
11804
11047
6127
11962
5449
7495
6644
6477
8738
5420
6807
7840
5510
8785
17372
18908
9949
12703
6521
8028
7374
7849
9324
13492
7116
18367
13069
10831
12444
8087
6604
4916
6827
13027
8250
6454
6700
5077
5628
4488
6559
5396
5909
5538
7100
10276
6924
9202
7706
6604
7781
6599
8551
22162
14152
29659
8216
21153
14304
7244
12856
7661
6788
6751
7232
5464
6146
6772
5924
6978
13103
6696
6047
5234
5069
5685
7290
7171
8130
6511
5852
12424
8776
34884
19029
29105
18850
21777
27961
20019
19143
13528
9584
14045
5504
13755
7956
5244
6319
4667
7216
5647
7039
6594
8076
9939
12582
9409
15142
9140
6298
5868
6119
6634
8374
11036
8480
10531
10738
15990
8599
13842
7928
6326
10520
9393
14373
13334
12013
7308
13708
22137
18867
25163
8009
12874
5488
22683
14073
17027
11655
9083
7276
5760
5812
6920
8739
8909
10800
10076
10539
9743
9913
9092
10054
8235
8178
12336
10819
6961
4900
4800
6021
3866
5290
4598
5265
8662
6766
6706
6976
5295
5290
5553
5908
6447
6297
10656
10154
8549
13609
10469
10879
12474
12918
19299
28900
22564
17208
48822
16662
22330
26585
7559
15383
6104
17879
6506
6770
6032
10183
7316
34262
20850
17254
19981
17645
8396
16895
7123
7956
8470
8683
10593
7147
5523
19788
26064
10406
25458
17075
13418
17833
12398
9691
5650
5346
10688
5693
7545
7442
63686
45645
20104
56764
34557
17951
10379
15948
12067
7187
14557
9788
13039
11531
10800
15932
12116
6223
23182
18055
26225
22724
17494
12623
10880
12101
11861
7870
7649
8264
6452
58854
83155
94250
48863
71063
14848
13488
8073
16469
14889
9554
12257
12069
13484
16449
14869
5777
14499
9922
7925
6046
8696
10438
11791
13329
10640
17659
13715
13636
18047
11630
8972
6121
16711
8864
12250
8797
10306
12993
10517
14616
8022
12261
9160
8021
8701
19407
12127
10738
9761
12428
18541
27523
15075
36024
35120
11479
19156
39707
24055
18234
55362
13168
7883
6661
13807
13161
9289
16751
11283
15571
16012
10058
9992
9203
9109
7510
11959
7678
16939
20931
9139
8874
5264
17735
20248
26029
19929
17452
7410
12551
6810
6970
7197
7220
6723
12031
22899
16815
19670
19088
8385
16770
7069
7517
14574
8785
22047
14247
14304
6049
21786
15425
16437
18841
12875
19778
9633
13547
17035
11180
13311
28161
26338
15661
18946
23296
14375
13146
10616
8007
13639
19267
33966
48145
54552
41073
44268
37207
48379
12982
18546
24383
13227
36448
17071
10121
10470
10742
7714
9232
6855
8419
9735
7418
10161
14148
10946
9965
11432
15243
35304
19756
20420
13748
17588
14388
46298
14222
10763
7425
8740
12324
12494
5801
7375
9211
9729
24780
17026
12840
8394
25011
48819
26296
30514
43630
12633
14791
9321
36421
8655
5086
10300
11007
10460
17134
11255
14485
27646
9577
5388
8745
6988
5883
5985
7166
7881
8664
10302
11613
17758
15122
8805
9346
15739
26972
41900
12458
10913
7489
26113
41793
30174
14842
13084
5099
14043
6881
19969
11165
89616
35391
47797
14962
11140
11566
25840
6759
21948
10051
7649
20721
10377
15983
6525
15093
11010
10117
15508
12029
5747
10292
6355
12203
7953
5882
5406
5055
5129
5584
5453
4689
5529
5762
6342
4739
4554
6572
12584
5130
5328
18171
8560
8664
5723
7291
6836
8827
6995
8163
11706
6344
17710
11370
14732
9107
8356
5037
5741
5597
7122
7786
11790
8257
8474
9819
10604
7229
11445
5112
6546
4727
10800
10200
7386
8443
21290
6166
4791
6437
5769
5130
7711
9834
6071
5828
5185
6534
5919
7543
5771
6118
5292
11532
5266
5666
4688
4850
4974
4626
4886
4683
9910
6820
9217
7954
10801
18975
17743
8290
6269
4596
6377
9264
6305
5129
6252
8479
8430
6955
11515
6800
5483
5247
4615
4327
6655
4593
5709
9284
9220
6361
8618
5882
11434
10069
7424
5183
10093
7742
7774
6703
17095
7983
6444
4707
4773
4887
4309
4457
6390
4664
4586
6090
4282
3700
3938
4699
13885
8455
7698
6237
8243
5426
9813
10148
14237
14366
9650
7898
7062
9703
7788
4713
4672
6014
5744
8238
9881
6372
4781
4359
5778
10196
7358
4973
4220
6648
7830
7086
7179
4830
10671
8574
4695
6523
7293
6500
13402
6126
7892
8000
6734
4219
5093
4626
5029
4299
5310
5677
7521
24764
10302
7180
5597
5669
6721
4989
12586
6779
4759
8459
5412
7337
5580
11279
8878
33783
23457
9636
6795
5676
5000
5532
6711
7553
6004
5118
6244
10016
10637
10919
36967
39243
25727
20495
47453
26312
20519
9670
21195
26290
12885
17203
8540
7436
4876
9317
6139
5430
5148
7831
4599
5104
5775
5927
4976
5332
5445
4790
13676
7484
6119
5694
5414
5116
6803
6108
7090
14309
8563
6296
14091
6256
6291
4985
6452
4425
4872
4592
4188
6439
7060
14525
5694
4737
4866
5250
4404
5002
5407
6104
5331
12745
9793
6469
5699
5138
4289
5964
4882
5951
7334
7649
7569
5020
14905
9993
11531
10116
7869
7975
7323
11792
11205
7132
5597
10727
7896
12788
13684
9593
11935
9995
11806
9874
11289
18631
7551
10684
10884
9621
9772
5339
20501
6605
6418
9287
9741
8846
9481
6568
12485
5663
7610
8968
5321
5847
9984
12242
7161
15250
18644
27759
11434
8326
10160
13739
17350
9873
10637
11592
5717
16133
28433
19381
16344
36937
17347
21608
20058
10117
10587
47123
41198
13178
10323
29952
8601
8137
7029
4469
8345
7515
9716
12037
10586
13620
8503
5200
10639
6260
5300
5086
5983
5072
7226
11339
24337
15932
13414
26015
12225
19303
12163
8606
5846
10841
17373
9411
8406
6463
12230
11176
10025
9385
17915
11448
27741
34250
11042
12686
11853
8574
5855
6469
5063
12351
11364
6411
7923
6486
5700
7898
7157
6200
8321
8405
12965
9775
12409
11102
5609
8752
8188
7450
13201
9290
22993
17665
16995
15323
19413
8246
17459
7765
13728
13740
8053
12764
7354
6838
7653
5608
8870
14680
8280
6529
5394
9423
6227
9430
5978
6690
6497
5709
9284
12330
10910
5276
9571
10139
10972
11746
14305
11043
6312
5547
5203
5443
5158
6977
7015
16684
5624
18575
19683
6229
7242
20679
6035
10745
5772
11999
9702
5028
6121
14477
7785
7279
13138
5659
6869
6662
9608
6518
7843
8525
12804
10876
6516
14717
5715
6514
4492
9004
5909
12955
4533
7508
7062
5908
13375
6907
15247
8228
21308
26556
11715
22348
55370
25735
11600
47487
10318
10626
10629
7453
13587
11620
9595
8653
8260
9586
6203
6399
5943
6697
5215
9106
7565
7118
6518
5704
30049
12770
7198
9664
6709
8015
5874
13470
6278
13041
15856
23393
11775
9912
6222
5626
5309
15724
7040
7543
6330
12902
6021
9814
6114
6482
5246
4657
8300
12995
14945
7635
10245
10380
8941
7776
7010
6192
10684
7792
8080
4621
9211
7704
5810
5549
10086
5717
8068
5650
5088
6155
5511
11204
7917
5069
8125
6783
7429
5374
6973
8879
8695
6252
15244
4965
4794
5956
5790
5320
4479
5221
4937
4659
4823
5457
6190
5127
6402
4676
4875
5029
5881
5082
5178
7965
14281
7871
8694
7227
5385
7277
6724
5460
5564
8330
5801
5550
5824
4120
5689
5319
5605
5441
5443
4771
5869
4774
4788
4651
5974
4838
5553
5350
7310
5347
6162
9771
9956
8061
8980
5174
5571
4890
5965
4764
5093
7529
5724
5401
5122
5563
6860
7931
8466
13914
12757
8258
6136
8070
14983
7289
11146
20343
13162
20365
7487
10487
6178
8222
6869
5499
6486
17234
12730
6320
6326
6345
7176
6229
9674
11285
8096
5838
7157
6463
6073
6265
5061
6788
8438
7409
6681
6907
5215
4822
5919
11292
11982
8400
5221
5432
6196
5394
8765
6834
5048
5351
4248
4758
8378
12906
9913
28156
13357
20123
5293
17887
14541
9988
9211
9301
10022
6364
6031
6879
5769
15543
12057
13027
7745
8585
8186
7031
6091
5785
5872
5642
16091
13400
12580
7044
6329
6040
8127
9231
5999
8669
10070
8800
6960
7425
5868
5214
22600
6771
17812
8037
10284
10630
12290
12803
9024
9250
13498
10964
5863
6862
5875
7049
6043
8258
9272
12501
7725
8066
28625
9013
21402
32878
26917
15848
8400
6642
6833
7942
7102
7608
7114
9281
6606
8023
8741
6202
5631
6557
5324
6017
6935
5960
5607
5756
5072
8518
7117
6314
5395
6649
5761
6124
8297
10474
7460
6474
6373
20033
10630
20764
14663
15175
11797
15934
13652
10916
6440
6591
6883
10550
5919
4744
5075
8247
6353
5915
5325
6687
5206
5342
5025
5839
5005
5309
5977
8880
13295
11831
15497
7187
18032
11857
12063
8254
5362
5753
4483
5564
5510
4998
5375
5369
5989
5248
6113
5475
7196
5719
5797
5561
6594
5600
7272
7232
6643
5040
9760
11801
15187
14993
8753
11968
11057
6650
7506
9027
7359
6690
6874
6987
27593
17134
17750
13995
12295
7940
8322
10003
9908
12603
12051
10657
14995
10051
9477
9994
9992
11423
8447
5781
6615
12921
10497
15072
6143
11520
6372
5909
5857
8039
5864
6495
5187
22147
16720
12724
20100
13122
16792
16369
10540
9217
9246
14772
8644
11988
18737
11422
11057
9016
11830
9165
10686
7542
12528
24738
30701
10021
7284
11180
12524
10907
9367
21451
9891
17149
10026
12354
43572
15111
9494
7535
6573
14671
8268
10818
9211
7293
12918
16666
12092
8480
6307
7021
17542
8718
10582
19729
30471
12421
12486
11687
11001
11719
7217
10312
6813
15438
16541
10407
15801
8643
6686
7656
18989
17062
8927
32463
15095
11575
8101
6138
6171
9648
8168
7386
10074
8095
8414
7516
6133
6438
12065
6854
8057
6086
6345
7134
25938
8558
7109
6005
5767
6514
5838
9370
5338
5846
15263
8243
7664
9028
5276
9349
11805
8766
14876
10712
8653
6985
8863
6937
5752
11260
8637
8486
25345
13628
19999
29004
23459
18258
36346
20999
23967
24477
6614
9383
10858
8504
10346
10538
8616
6431
10892
9454
4682
5652
6165
7462
7163
6158
9870
12068
26240
33240
38244
28279
9569
28373
23736
7041
15514
24425
8972
12564
15773
12250
12789
33359
14834
10709
11436
7753
7979
14747
10344
10456
8695
6750
6360
6904
6522
34055
45909
16939
14254
35810
12457
16056
12528
10390
6922
13598
10418
5449
92556
62703
80129
24508
18615
108177
61279
16095
10479
16349
6773
6357
9327
7617
9770
81003
65036
88361
77109
45997
29586
54943
42783
34869
19773
33038
15369
15235
21427
11067
11028
7449
13631
8610
8042
7067
5993
6746
7039
8124
8393
11241
6512
6859
14140
9482
8742
13617
12842
11770
6442
13725
8453
5366
21697
28187
13598
16653
7428
13633
12234
6935
8968
10204
11030
18301
21934
6820
11386
6860
10632
6024
6463
7645
17506
9656
28067
10536
22818
23319
16013
17889
13315
14339
12395
11739
6146
6265
8825
13825
10143
11883
8670
9307
9580
6249
9534
5524
6866
29019
17382
8258
14361
7235
7751
15524
12049
6459
7504
8077
6549
6695
10222
5929
5802
5508
5601
5212
8119
13170
9594
6408
4867
7257
4721
4787
6637
12378
7384
7065
17566
7355
9118
10037
5587
6180
5187
8520
14160
13750
13963
9987
8968
7778
6847
5711
5346
5656
4876
5059
4739
6195
7746
5808
7953
6351
5135
4731
5237
5328
5015
9122
6479
6017
8611
9990
7846
9652
13000
15026
6518
8002
6541
5602
6488
5434
6028
17561
13491
10425
17077
10286
8525
13453
8758
9001
12763
9620
8986
5354
11159
6017
9046
16117
14798
10344
21806
16008
10016
16202
8139
7508
5422
5454
4681
5380
5596
11584
8509
10151
5943
12844
10838
9751
7414
6451
5501
5111
22728
18707
8652
14922
10209
6959
5745
10084
12680
9539
4640
9761
10104
43097
25938
13923
11398
12421
6266
8235
7004
11150
6553
7767
8977
20939
13548
10178
28388
41944
8561
6567
9518
7979
9759
8769
9378
15936
11815
11514
31679
24703
22407
12727
7434
13710
8458
8767
11112
7699
8519
9316
10658
5968
13306
7711
7037
6527
41857
13198
32713
24029
11864
11881
8497
10824
16886
9162
19768
26331
10908
14042
9011
9513
22456
6785
24872
14016
16747
28949
11373
28406
11000
17014
13740
8447
9379
9595
10760
8217
11105
11116
12021
7130
15702
8046
13542
8612
8547
6629
10290
17395
13708
9340
7370
12071
7848
22874
29408
26048
14704
15674
14302
11781
8700
12081
16279
6978
16358
34272
19299
22689
9901
16632
12811
12567
10524
9379
8959
7575
8747
9365
9090
5685
5381
5611
6236
4898
6019
6362
5385
14854
9515
7938
14282
15437
20625
13644
17345
15219
29705
23860
33871
9637
12344
29143
8587
12987
8592
6099
8464
6699
5664
7756
6535
10613
4623
5042
5537
5050
7911
5476
10422
7867
7492
5476
7526
4949
15256
18546
11615
18478
7855
12136
8999
15912
29381
9320
9527
7944
8985
5666
6783
6680
7828
16627
11046
20545
19881
21347
19718
14830
14303
13083
7149
7054
6470
9432
6736
7589
8015
14581
11282
14149
19990
15377
18913
12346
6935
15040
11229
16281
8367
10690
6583
8729
9301
9413
11166
11079
14263
11120
12174
10063
6880
9104
11411
10493
8005
7199
7603
17251
14010
12458
10566
9857
7545
5339
5763
10495
7602
14305
8920
6667
9936
8667
6488
5063
5079
8302
6788
9980
11904
6652
6307
6182
7435
10093
9189
10109
8039
6183
7391
7209
23288
14730
17936
36727
24399
19555
12561
8301
7045
5223
12229
17119
13156
12399
9117
7343
5895
13326
11453
7632
9803
7192
5575
6325
6379
9623
6562
7090
5268
7026
13315
6925
6864
5670
26033
26291
35387
57181
16401
7255
21207
10671
32742
11421
5910
11836
9521
5756
8450
7365
5731
8749
8403
6374
6587
6281
5595
5240
6224
8151
5781
31649
19183
13477
6282
17421
31020
13001
12082
8810
5959
5420
6639
9914
65110
16007
27772
41213
50802
6027
4775
5293
6182
23212
11233
13337
10501
9412
6231
6083
8060
9469
7604
6225
5078
7814
6382
5134
6091
5677
7752
6243
5738
5396
5608
5261
5316
6032
5698
8370
7596
16673
6118
7696
5875
5807
5893
5249
8048
4970
5179
8498
6063
8042
8330
8544
8896
6915
5967
5467
5903
14953
9980
7013
7085
5690
8078
5598
5998
5498
7919
7296
12777
5254
4827
4731
5507
8991
5345
7472
6235
5276
5429
6892
9304
6429
5393
10963
21075
7495
18861
8937
16595
7238
11535
14223
9181
8504
7575
9955
10632
9216
8361
14617
6817
12690
5615
5520
4715
4870
10668
9502
6268
6927
5302
7013
8488
7390
5798
6034
11825
12581
6690
5630
5017
5391
5959
6451
5566
4959
5396
9267
5459
4540
5216
6062
5806
6010
10079
6408
5824
5534
5500
9212
10538
6742
12928
8287
28228
6868
6885
5201
6268
5453
5978
4961
5216
5001
6228
7060
8008
16983
10876
9470
15464
9602
6550
5678
6643
7595
8560
7686
11542
9530
6930
5290
5980
5943
8436
7487
7177
5550
5416
5235
6297
6350
6435
10965
10296
7656
21522
29022
17943
15874
10101
16823
7276
10593
8364
9399
6560
15393
8427
7670
6145
6671
5516
6768
6266
8536
7660
18641
20768
8714
7698
7872
9169
7516
9726
6280
9264
7285
13138
10923
7361
6119
7626
7462
6416
7125
7002
7996
7919
6144
6294
5695
5172
5651
5859
5720
5879
6908
7699
7354
7866
11398
9316
6688
8184
8933
14454
11354
11438
11127
11147
8315
13682
11175
25835
12093
16435
16426
17513
10542
13562
10130
13533
8923
7799
10830
7645
6340
11072
7730
4921
10330
6744
12567
8695
10135
6247
8583
9560
10471
6641
10968
7339
9413
7100
8867
26135
13090
28800
11758
7457
10734
8815
11026
9377
6662
8636
12004
9061
7750
9890
16089
7650
7818
8038
6458
7856
18197
30922
12885
10326
8734
6770
7664
6152
10359
9059
8758
7942
13744
10083
10353
20045
9036
8402
12304
9307
10101
26933
10050
17850
9250
11729
9308
5997
15623
18282
14373
14687
9457
9635
10316
9861
7411
17582
10725
18779
9847
8832
10821
10491
10106
6820
7073
13191
23333
17599
12202
7138
7519
8298
5983
8064
5254
6593
6045
12532
13033
8461
6608
6308
6151
6060
6232
15546
12238
7971
13707
11595
15876
6022
8331
7237
5924
7052
8921
20162
21046
10829
9724
5520
11458
5411
6833
6994
6055
5697
5461
6429
7122
17662
7947
10479
6558
14430
8290
16347
21388
13284
9786
9196
29719
6066
8048
7746
6745
11628
26977
32818
7673
8390
46311
8054
18628
11555
8759
9173
8259
6696
6157
19671
14042
12894
19165
9892
16177
7972
19780
7054
9076
9304
7414
6600
6518
4950
6546
9828
7454
30922
8689
4372
6982
5467
6659
7282
11953
12410
8666
14920
6346
6525
12462
12382
11895
12464
7338
12683
15963
17939
7810
15659
7030
5473
8484
13397
7318
7750
25168
9037
10138
7052
6952
30964
25641
11808
9304
16486
10948
8769
12523
8980
24556
35129
12948
19524
20884
14461
21542
10666
14497
10474
19249
16154
7009
16132
8936
5641
9421
9666
8303
8305
7062
9502
11268
15361
9611
8272
18156
11745
16188
15089
10449
7324
4518
7790
4944
10588
10310
7272
11607
10995
5782
8631
7849
6030
6172
9086
8181
6095
4859
26701
23486
7065
9825
22849
29720
14121
13952
8333
9066
19430
15874
17380
12481
8553
8929
7859
7543
5311
7441
5718
5763
5773
5701
11673
12958
12678
12966
10977
13288
14544
12292
10120
5710
17118
17597
106849
59857
79524
15729
77429
119509
13453
19750
9045
7243
10926
6200
8404
13954
15856
14543
10152
35517
16041
18997
17162
10413
8776
13258
16315
11160
13997
9457
7787
6249
6948
8934
10674
6877
10384
7461
6173
7937
6932
21219
11958
10922
13028
9464
7041
6835
5542
7466
8682
10654
7416
8067
8552
14811
8773
15005
12289
7669
5960
6167
5310
13175
6165
5684
11055
6868
5671
6864
6073
6866
6851
8512
6644
9015
9187
7359
13841
6679
12426
8778
7548
7259
6278
12392
9759
8849
10660
8134
6840
7246
15491
14382
9479
8133
6990
5003
8227
15072
11573
8796
8137
13055
6710
7268
8186
19038
8792
10732
24195
29288
24428
13792
16671
6321
13915
13200
9016
6803
10648
6706
7015
13159
9252
11956
10047
15239
8838
9568
9163
15253
8290
7637
8444
21961
8726
6997
6110
5726
22344
8770
8529
8302
8353
7775
6849
8964
11125
13959
7317
6171
8259
9023
7282
6801
7945
10475
7836
13336
8034
7694
11186
6738
15783
18470
14038
8613
9869
10860
13727
10397
16720
8853
20366
22855
11005
5992
11232
9106
10149
12527
15829
9507
15919
10589
24532
28492
8838
15541
17897
8357
7199
6772
7139
6621
5688
12256
12059
12156
10813
7506
6406
6976
6653
10503
14797
27029
16047
9372
9315
7779
5641
6479
8409
10503
9884
6585
8552
7143
5401
6172
5588
5943
8287
7693
10075
7204
5894
6504
5592
6098
5860
5499
5384
6709
6148
5731
5723
8796
8608
11439
8416
6840
6470
10563
8504
15489
7480
7417
6966
8371
5741
6659
6298
9322
9754
8972
18305
8548
18907
7577
7218
7246
5666
7002
6665
13633
19963
24150
17784
46638
35326
14257
20773
10775
16901
11710
8538
9327
6527
5367
5785
7492
6108
8520
14065
7265
5805
7135
5816
6423
5822
5401
7279
5452
8088
8819
7487
6973
5541
8331
9155
7491
7244
16697
13092
13689
10009
7924
11714
7814
5062
6409
5829
5766
6475
5652
7505
6201
5935
6103
4678
5793
8310
8174
5555
11420
10296
15377
20367
7113
11436
6910
15371
10663
5316
5902
8527
20475
8327
7774
5370
9881
11273
10137
8255
6087
8714
6210
6878
4987
5349
6897
7991
6790
10906
8606
6895
9730
11113
10623
12787
9873
17001
9324
6657
10067
6462
5925
6051
6616
5167
7538
7382
12784
6449
4865
6727
6127
6477
6289
9067
15828
8128
8564
10794
8066
12642
6506
7534
8436
8190
7812
24018
9165
7498
13213
8976
9113
7225
12099
13198
6955
8605
7049
8667
11307
8350
14506
10332
14830
14101
11287
11345
20456
9760
12866
29805
11350
26483
13353
9978
9576
11915
6577
7641
10675
11570
15375
19674
14792
15871
11014
12919
10970
13407
19379
12011
8278
19127
36786
23100
34223
27600
23232
33664
61464
56094
41777
9555
27766
29816
16499
12678
7232
7230
11277
6474
13540
8294
16053
9969
9733
11355
5779
8423
7379
8512
19972
21922
8126
12486
8349
10328
7674
20134
11790
10862
18641
19239
8928
15531
12816
17071
30872
40686
12636
27213
17838
25006
22533
21192
15169
13113
9340
9690
5556
6304
8383
7743
21448
23952
22222
40212
19201
6499
9026
8367
6781
11401
27722
9632
6265
8009
21079
11448
9593
5476
10009
12360
9090
8124
10329
16455
12470
9034
6839
8407
13030
11106
8169
21502
27663
13524
13586
16613
12160
8995
14690
11631
11257
15487
9985
6527
9401
8665
16213
12792
7063
9054
22824
15751
11230
9638
10364
8222
10773
14327
15324
15430
9902
8764
8296
7974
12401
40882
27921
17163
9379
9078
10451
10070
21750
15552
23668
18857
12314
7741
7707
9861
7935
14951
24721
15941
21107
8561
22469
21430
34082
21079
33077
28390
41511
17142
90724
47469
11292
9328
9042
16086
8300
7917
7247
9259
11216
12497
7264
9443
11885
14426
10886
8462
20929
7732
11514
8649
7872
6627
11328
6706
11505
13689
6469
27269
39558
51640
22027
6655
10840
18619
13494
12030
9521
15439
12332
25668
21156
23625
25686
30143
18579
16864
15547
33966
18316
18670
15522
11780
10670
28484
6913
12302
8779
15799
9813
31511
33870
29903
26056
13679
18304
14603
13260
11473
18821
15948
11070
10462
12546
34146
24570
15208
10353
7823
7746
9764
7580
6112
6408
7574
10757
8896
6318
7042
4680
42754
10843
24859
37653
10688
7089
6450
6625
19913
15069
6918
11478
6380
10587
65992
12995
27496
63020
39127
52082
17113
13750
8966
14878
6599
13476
6296
5855
16954
15654
16550
11218
22879
13986
10219
5143
8174
7771
7306
6821
6085
9819
21745
8760
22420
7499
7968
7603
7333
6916
5891
5616
11550
7464
7580
4917
5984
6074
4803
6821
11371
9203
7679
12090
10656
5688
12287
12817
9398
7740
8334
6056
8840
5911
6883
5044
6061
7581
8603
7766
8094
7273
5777
6563
6496
6955
6500
5924
5352
4853
5589
9637
6044
7652
19626
26245
15076
16033
16194
13557
9272
8563
5614
6525
14639
7785
14940
5969
5827
4684
5109
14345
11837
12202
10314
5978
6711
6838
5867
6285
6486
5606
6427
5375
5652
5327
6045
5424
5369
7809
13247
5769
8862
6477
4817
5575
5939
6104
5864
5377
9946
29550
9502
16438
29032
36531
11021
7627
5818
8378
7710
7223
6062
5897
5307
11186
14840
11027
6000
5288
6114
5352
7778
5206
5172
5445
4928
5083
7382
6519
5018
4557
5212
5357
5898
5352
6768
28039
15820
9970
10657
6548
12051
6293
6572
8117
10814
7964
8428
5024
12292
8789
16627
13402
9908
13193
8058
6927
6897
5907
6727
12129
11031
7333
10416
6798
5109
30736
29201
10235
29812
21397
9054
15299
12704
10062
16167
9115
11025
8863
8837
6945
6530
5365
7297
5869
5892
8391
17465
11654
9727
15744
8831
6724
7516
6081
5792
10558
7936
12304
11627
6525
15264
9016
7846
6208
6767
5597
4582
4963
5296
5345
4452
5077
6254
5753
5366
5258
5421
6075
5879
9379
11442
43000
22577
35111
11511
11552
7975
11870
7483
5048
12332
6312
6489
21560
24591
17931
26006
15713
20811
8873
31391
21366
34761
24927
9511
16842
8917
6643
14687
19858
11751
10970
8421
4965
12558
12448
10774
7667
7364
8166
14007
10841
12363
9045
7356
8346
14012
8351
9640
8862
6749
6375
9713
11697
6392
7365
4955
6501
6842
12231
9680
10830
13508
11869
8739
9835
7187
6899
7053
6650
5568
7271
15487
15279
10793
7995
12491
10568
10399
15072
9271
9020
8879
14214
13812
29908
10985
13182
10168
8549
16134
9266
10125
5949
19729
14743
5955
7646
5370
6889
6692
11632
11092
7904
5676
5579
5247
8115
16752
8463
5109
12665
9206
24589
20762
8861
17828
10132
6984
11044
8913
8748
10458
7746
9671
12261
17923
11896
10474
13271
13308
6320
12489
10785
7239
6212
5199
7519
10370
22883
11720
8492
5170
6099
7906
5618
6041
6196
5769
5226
5939
4880
5513
6255
6686
5118
6237
12060
7677
7900
7486
12937
7093
9898
9635
10225
4945
10489
6411
4692
6157
10630
10390
8349
4770
5511
5692
10306
7916
7225
5979
14244
11208
8999
6314
7891
6353
10406
9496
7777
5696
6674
8655
6834
7741
7931
4626
25949
7366
14932
4577
5727
6195
5019
7467
5879
11283
16671
15800
25489
12746
11309
9165
19177
8281
10116
12076
9898
10532
6370
6313
10599
10565
8750
9472
7526
11687
6250
7403
5204
6009
5952
5484
4457
5367
8060
11151
9376
8452
15436
8740
10020
12280
9970
8962
6054
6647
18930
13310
6870
26668
16494
11372
11914
11479
10047
5243
4655
5751
5342
4714
6880
5975
4359
5122
5250
6655
5225
6390
8357
7786
5543
13630
14832
5963
18830
11776
7888
5081
5494
5864
4048
5575
8869
8125
7585
8442
4623
5583
9017
8330
7855
6534
5409
11949
10286
16717
8195
10141
6912
8385
6684
7418
13399
6603
10712
12292
9759
8043
6631
6754
5432
6908
6256
5814
5040
7216
6333
4871
5400
5525
8411
11690
13001
8161
7771
5704
7729
6224
11562
5697
9207
7918
6295
6396
7693
5378
6638
6400
6104
5639
6060
7071
7702
7160
7322
6063
8030
5729
5495
7624
10896
6216
8826
6364
6739
5426
5273
5202
9641
8594
6128
4797
11593
9023
6436
9204
5942
9923
6335
5562
8477
7521
23704
15116
13586
8830
10762
5601
4384
13335
5311
6224
8059
4897
4941
6283
5296
6317
5874
4725
5281
4358
4521
4211
5349
5986
5430
5169
6275
4549
9541
6860
6208
4626
4800
5957
7196
14472
6374
6515
6596
8712
11437
7874
6743
5590
5729
9638
8941
8003
13284
7610
12151
10418
14346
10616
16363
11406
6250
5556
5575
8815
10791
7708
9398
6436
6090
16763
10544
13472
9526
13024
12129
7349
6678
9983
12200
11050
9590
11213
14260
16448
11654
5345
11394
28426
21851
9274
11264
9963
11740
10907
6047
7448
5282
6515
6308
11151
7876
6776
9228
11809
14690
11112
15517
14240
13061
8210
9728
9949
6896
5462
11849
6811
6038
6214
7999
9273
16545
13292
8003
7566
6961
6736
14069
8303
7833
13341
11847
14037
23837
19657
16757
13318
8606
10688
11288
7951
6236
5851
8139
6986
6063
25451
7972
23323
17019
6631
5299
9033
7378
6167
7573
14182
10494
9807
5801
5514
9195
6588
6867
5789
9030
7448
8787
8073
5832
6998
17763
9184
7997
6748
5723
5632
7065
6955
7218
6404
6608
6564
11339
13302
9608
6501
6334
18343
9994
9804
12963
8816
11935
10452
8726
12752
6551
6517
6415
7603
7165
6814
8993
8885
8181
12079
7120
7686
8138
6694
8230
7582
7119
6819
8861
7510
6472
9557
11251
13674
10874
10319
15105
11510
16947
9507
13831
8233
13782
20357
14532
8868
9945
12497
7486
8494
6916
8290
16571
13497
13891
8345
11615
9387
9011
25952
10358
7679
13931
9236
9080
17929
15350
8162
13675
9189
7525
12590
7260
11135
17896
8829
6942
7086
6893
6287
7855
8415
11494
7569
6332
5935
9468
9968
18460
7801
9829
7150
5991
6376
8723
7777
7004
7584
9560
9590
6648
6726
11699
6853
11179
9479
9065
12757
7781
8442
7200
5830
9393
8102
6918
12968
9652
8898
8773
7052
8178
8456
11007
13964
10237
6878
6886
11051
7664
6635
8314
16097
15113
11387
17664
7697
9208
9381
12328
18154
7717
10777
6833
6130
11536
22365
5475
6032
8197
12584
8345
6288
16369
15304
8077
12230
26546
13088
15145
13723
14914
21174
9237
10903
10903
6225
6923
8590
7980
9686
19647
11023
8209
9155
6884
5824
6518
6962
7139
5803
5632
5106
9834
8901
18071
17549
12878
9768
12359
9814
8260
10886
13252
18355
11529
15762
17412
6878
8627
7200
11259
7107
7034
6820
7032
7330
5956
9021
5837
6574
5928
6494
7764
7204
6662
7637
8584
7551
14712
5506
10614
9749
9810
8959
7853
7678
6624
6042
27522
6795
12950
10084
6957
7362
13806
14428
8468
11940
8060
7349
7293
8930
9799
6292
5155
4521
6121
7761
6280
6579
5616
6936
7970
10183
12415
32215
30542
7495
11034
25237
10520
7551
6747
6866
9440
8544
10840
7773
6802
5343
6798
7445
8259
8690
8538
14580
13445
5843
6158
13872
15050
10951
14492
8889
8326
8362
13356
6989
8604
8510
8195
6938
11828
6314
7635
6628
6104
8175
7710
13347
14099
8021
10935
10306
10822
7160
10822
16032
13848
13625
8078
8102
14294
10059
9635
6712
11223
9412
6902
8915
10006
6623
6480
5416
5617
8337
8560
12273
13170
10465
8542
6788
9528
7121
5899
5200
6688
8527
6180
6143
11320
8096
10132
12102
6614
12225
7136
6296
6201
5542
7521
8480
7021
6419
5580
7582
22596
9091
9537
7239
6994
7309
8318
5544
13167
11190
6890
13319
10320
6944
7116
5745
5697
5188
14442
8645
5930
6356
7892
5736
11579
8954
9397
7429
5442
5449
8688
5318
6399
5639
6046
10787
7579
5282
8151
7553
10194
9174
10701
6770
7039
6076
7177
9125
11266
7995
6708
5558
8344
7999
13205
27988
10714
11385
13885
20031
7833
7343
8541
13782
12989
11912
6222
4594
6152
6781
6990
6030
5863
5171
5592
9203
5680
6989
6530
5894
6537
6365
6266
7430
7176
9780
5501
6582
9544
22560
23636
31483
8318
17057
20953
14173
8412
15220
9292
8442
7468
8294
7005
6626
8260
8091
6495
12002
9638
8420
6616
12130
12342
18708
10393
9393
8135
17370
6665
9384
10142
10486
9482
9991
8914
7047
12462
8085
6893
5606
7810
6170
8750
5879
5938
4752
24041
9855
7466
5074
6073
11625
8091
8496
11238
7058
7055
6914
8082
6557
5725
10854
6580
12139
5897
7327
11136
12373
8969
6292
10870
15880
10303
13974
17440
12041
32197
31129
26336
23652
6469
19204
11056
11919
10646
11519
10455
12289
7032
9054
8329
5791
14471
14479
11022
8336
6247
5452
4838
4986
8373
7727
14460
6076
5280
8270
6922
5895
5790
10856
6335
21093
9107
8618
7414
7477
6466
19336
17106
14195
9676
15260
11801
7775
7351
8865
5652
6480
6655
7743
7732
151831
177138
21402
26727
33294
141038
129571
15719
170609
16633
8343
18792
11417
8298
5156
14157
7181
10521
10709
16043
69967
67194
55682
33530
22394
44523
24183
20434
14697
22308
13131
9198
6707
6758
21107
14777
12982
7671
6336
9855
16968
28470
11510
9448
17805
6462
7056
7958
15471
9801
11390
30099
29481
13693
7296
22061
15597
8130
10947
8476
6755
8621
8834
14131
10047
8786
43606
14022
39571
6415
7290
42506
19819
36531
7970
8878
11377
6853
9258
6596
12403
8330
9305
18384
11002
9139
6414
15108
14854
13420
11011
14802
13470
10206
8089
8269
11860
10867
14977
8792
9971
22328
10410
8013
11117
10375
7017
7074
6664
7007
20942
26061
20602
25854
19435
8916
17488
23407
11377
20433
21887
28444
11211
15248
6506
12797
6888
5749
18296
14679
14486
13090
39195
8727
33542
8204
10693
13029
7690
11894
18623
6600
10631
13353
20398
17097
23287
13188
12966
5944
24253
12163
9540
5889
6228
9490
11913
6949
6342
16354
17625
18850
12983
8986
9113
13826
5702
11810
15516
21220
10262
26047
7177
13984
11221
14233
34915
13696
8448
24212
16005
43234
14228
9367
9938
15618
21567
22223
18514
11879
8020
12944
6361
56942
48439
23821
15911
15376
67939
44963
19152
21469
14742
23572
35974
23535
34243
32492
33224
34814
16624
33918
18299
13819
18773
35703
14063
20504
26334
23290
13413
9379
14569
11614
11923
23116
20112
24366
19001
30519
15221
11893
19354
17274
15487
9049
6411
5401
7505
6415
7313
7768
7647
10039
6763
7447
7999
7582
7124
11406
21045
9952
18860
13568
17051
11707
17211
12323
14387
8220
7042
8047
9780
14411
17581
20598
10299
16782
10979
20532
7045
13748
20253
11232
9585
5906
17665
14096
9840
9332
12774
9637
21280
18079
17710
11695
6808
17609
9404
16481
15666
12331
19860
25377
11107
19981
19608
24008
17258
24065
18452
9419
11521
7420
32317
32778
9796
9698
19880
42115
12089
18807
12095
18726
9028
17128
6049
9240
16805
22818
18684
28769
35287
22657
31448
11710
25414
18775
7498
11256
14921
9728
6806
15136
11826
20911
17842
13562
10074
19864
16366
13063
12318
14023
9310
12078
10955
11823
10923
15974
8048
14366
10083
8750
9606
16121
9392
7492
9448
10589
9615
11742
22731
19783
14818
8374
18460
22558
15488
11100
13928
13381
8397
22827
30182
14748
12447
17219
19226
20914
16810
34514
46922
10677
9231
25548
20928
9373
8449
8899
6297
6412
8988
8340
7257
6320
5663
6950
6828
6158
5889
16741
8153
14383
7641
20548
9003
9590
7032
7880
8848
5708
12429
6835
6823
9449
19083
12361
13444
9679
7217
7684
16098
8734
7060
7718
6560
10451
7729
9088
54565
17766
44954
33908
6613
13887
13697
10295
7563
11360
7202
6788
14324
10790
8863
7240
9937
5799
5269
26351
14113
9627
8129
5862
5451
6337
5733
5353
5520
5984
13512
7733
8088
8922
10399
7088
13635
20943
23447
33572
24174
8125
11845
7458
7060
6882
6759
6138
6788
6083
9756
7029
9173
6122
6033
5361
9675
8144
10906
6007
8501
8492
9065
15587
6795
25469
18228
16573
11993
9208
8790
7920
6930
8973
7450
5901
5614
5322
4984
6113
5969
5317
6009
5080
6075
4220
6518
7311
6111
6625
6473
8655
9069
8427
8874
7179
8924
5684
5839
5261
5623
4911
7040
6805
5698
4949
6581
14861
9502
8532
6527
5806
12462
7139
6615
8514
6059
6624
6294
13659
14913
13280
15508
11353
9567
8817
7564
5659
16423
10255
11794
8737
6242
4960
14474
4278
6152
5950
6677
20587
10488
9890
6643
15093
9468
12999
7273
10725
5607
8246
7163
8621
8039
8482
10568
6159
6172
9512
7630
6557
5664
4800
6144
10600
10437
6478
6959
6271
7949
7628
5983
5902
5172
4533
8952
6001
9265
6460
9837
7555
4814
11235
6799
5950
7965
7799
6497
6122
5999
6765
6290
5771
5506
8623
8331
12053
10001
6415
10024
6433
10573
9673
8578
11226
8070
10851
12208
10074
9967
6991
10677
9298
9347
13677
11567
10197
8766
12510
8091
6051
7954
7737
7723
8126
6503
5672
9414
8870
8770
7485
10632
10140
8403
9878
11440
8945
15850
9830
26739
28075
14076
15033
10768
14400
10252
5691
6127
9476
8645
8762
10328
16268
9294
6424
17806
5281
6617
6077
6426
5934
9588
7701
5015
6915
4363
7336
8866
6596
4844
6353
4702
8052
8961
7807
4796
5898
7390
10190
18029
11991
7407
7127
8781
12287
13550
22700
30061
16414
20275
12051
12645
11348
8063
11029
6934
4969
5638
5458
4664
5227
13786
10582
6385
5293
8202
18292
6249
8999
5958
5289
8429
7990
8754
7259
5506
7478
8880
5643
9137
5928
12128
8872
8434
8577
6306
7471
6548
6794
9472
8954
8452
12071
7019
7857
7067
13376
8583
8928
9380
9075
11389
31067
19743
50005
8552
12734
11251
7742
9729
7404
12212
9482
8832
6486
19442
11287
10269
18404
7725
6047
8790
10686
11652
11660
8274
10216
6735
7928
14817
10252
28763
22783
13502
10782
12861
6982
10855
12702
13267
6325
7503
11632
11906
11845
5807
24970
8402
15714
15027
27675
5021
9732
17068
18058
19405
8497
6635
7634
6523
8929
6447
5800
10461
10384
6709
13648
5003
8374
15235
5850
6885
8211
11748
14106
14399
15254
13289
11398
17430
8630
15487
10864
7736
11261
9361
9441
6781
10353
6859
8765
9227
5507
8690
7463
7415
6263
12713
8036
13479
8683
8792
8217
5362
6673
6208
6982
5376
5489
7180
13881
8622
7077
5047
4685
5758
7884
6703
6719
11419
11976
6118
4923
8108
19749
9047
6971
6123
11284
7635
11061
18822
8136
14080
12746
8791
5942
7005
4902
10802
17328
7696
5869
6375
7493
5162
6988
6802
16594
12986
13886
7772
10148
9175
13524
8447
8730
10107
10756
9522
10981
7844
8244
9800
6469
15091
9293
18457
6302
9129
9597
6331
8914
5578
5599
12315
6546
5145
4758
4043
6032
5125
5916
9081
11467
7854
9269
19305
9918
13363
7458
23579
14224
10526
8635
8581
8767
6569
21149
9441
22221
5220
11644
6515
7253
5878
11635
7275
11199
7047
7183
5597
7877
8149
6549
6077
17591
11997
7538
8985
7564
8672
6354
7033
8524
10392
5630
5305
5318
6012
5423
11049
8849
5280
5895
5911
9848
5365
6193
6236
5990
4981
12604
10783
9357
7591
5256
4461
9134
7671
7022
19440
10438
7435
9198
7307
5600
7976
7043
5755
5779
4529
7440
29236
25047
10109
8629
6631
4658
9062
5814
5010
6730
10371
8734
10849
9414
13718
5619
9681
8632
11782
11773
10792
7138
6428
8568
6753
8954
7761
5618
7911
13783
7437
7408
5277
22816
9068
27494
13687
13304
9729
21957
14177
9933
8760
15754
10923
22609
29737
24125
15390
21266
11282
6318
7508
9113
8190
8152
9105
6482
6212
8999
10937
7204
6607
7078
9252
14760
31480
24461
12572
15016
8580
6005
6847
5226
6469
7900
7179
5221
17213
12557
12151
10423
9352
8118
8745
7237
6894
5956
6315
7112
8579
7468
6575
6665
7036
5765
6157
5925
11014
6753
7080
9520
9980
8320
8363
5325
6318
4547
9229
6234
6323
10048
29565
14649
10237
24223
11424
16270
11926
11549
8799
15615
6438
5617
8647
7012
7551
6012
5538
21398
9090
15548
7837
18438
11305
14590
10312
7273
7329
7222
6683
6171
13475
10306
9255
9752
12967
8709
8348
6317
11008
11173
16791
11888
7449
5620
7367
6563
5894
4495
8083
6399
7952
6393
5605
6198
5984
5458
8372
7049
9896
16375
6456
5882
7785
14421
8577
6221
4545
7587
12839
7023
13446
7462
9723
7864
5292
6157
5670
11432
7925
9595
5701
25243
15548
13303
14014
9672
10642
5901
8263
6967
8821
10306
11055
4965
5251
8314
57023
45763
36598
24329
11435
8102
7062
6033
16497
12566
13764
13824
18912
7843
7044
9479
4902
8576
6844
9145
8257
8379
11170
14245
21826
20575
17649
13480
21508
46023
5055
11279
8798
6568
7960
5635
4818
5585
5883
7378
5128
4880
6809
5574
5530
7466
7569
7622
6616
5175
10082
18495
21166
15000
21497
24804
36154
22847
8334
13926
12012
9277
9515
13255
9346
12500
8229
19453
25069
10300
8452
5817
8746
7137
7613
5597
21192
17187
12324
6521
6301
6396
9647
8128
8734
11057
7472
8260
5944
5709
6519
8425
7950
9547
8031
6524
9390
5704
6951
4807
9716
25041
12045
24967
17485
7731
10703
14062
64514
17240
41054
52778
35362
15593
33901
30281
26738
44660
21029
15047
30046
23270
16976
16227
19041
13387
8351
15572
5702
11754
7449
5286
5062
6423
6251
5511
5665
7861
11170
6155
6389
7152
9671
8507
7037
9453
11061
8223
6770
6199
8351
6747
8562
7744
6762
12280
6886
6791
8372
7749
10781
11118
8462
10931
21053
8735
14094
10182
9165
7992
14943
19150
17857
9216
7795
8568
13128
16072
10375
16555
28860
11576
16126
18598
25956
14537
39053
17561
10557
15680
8643
9397
5679
5660
6036
6313
14282
10306
6774
5099
10557
7585
9674
9498
6680
6409
5830
17045
12226
8322
8617
24810
13259
12327
9152
8620
8073
11968
13665
8788
7444
17489
7066
8626
14441
17564
41583
11216
11796
6835
7837
7406
11989
7513
5918
7252
7206
6785
6546
5128
69895
45393
57084
21749
32816
11087
7441
6723
8718
6069
8854
15261
19149
8823
6670
10386
6915
20161
5556
34382
7569
8656
10016
5488
13067
7423
13643
6314
7871
7513
7755
6418
5978
11585
7431
20994
14958
7709
19666
11930
8622
8175
6777
6816
8307
6944
7103
7432
6895
9820
12235
7539
6521
7709
9745
6571
7222
9172
16843
13841
10589
6363
7081
19780
16697
11725
26820
8780
15495
9269
8663
9472
7309
4886
5003
5941
10543
5444
6290
7202
14115
11242
10554
15832
11869
16618
11272
8861
6087
6318
5820
5276
5205
5225
6545
4745
5258
5394
7938
7089
7457
5779
13286
6733
5234
5384
12656
16124
24448
19437
17838
29412
14440
13478
15810
10525
12365
15453
10476
6324
11413
5920
9401
7789
11089
10950
10837
6411
7612
7029
6717
5247
5964
9077
8239
10823
6990
11258
8946
9077
8391
8363
6472
5567
4958
10801
9810
27037
31896
15230
16567
10495
11798
10886
8752
6016
5635
5246
6396
8605
8300
19818
9404
10365
9152
8245
6552
10093
8116
5357
6566
7424
11663
6682
6840
8476
7006
5627
11157
5483
6440
25968
39517
35312
10425
21013
28156
10213
34574
5585
7970
6288
5521
10284
8817
6946
14763
15941
17822
9110
17728
6634
7641
6530
5507
7643
5957
4928
4945
7298
7242
5320
6048
4895
5365
7055
5707
8036
6328
5310
5694
5065
7592
9818
7186
10677
20382
10080
7616
5603
16872
33114
9131
9875
10240
6953
23666
21880
21393
12082
11301
8352
10872
13819
14439
9483
19502
7825
7012
10937
8477
8678
10936
9068
7233
14477
11899
6786
8988
8127
11479
9469
8099
7123
10166
6882
4700
4547
6833
6359
5217
6909
4836
5436
8273
6435
5355
4255
4956
4339
4596
4585
16758
8919
9762
7235
7510
11427
10308
6806
10915
8512
10572
4921
5418
20567
8724
8952
6961
5635
9107
8297
7925
5990
6050
6410
5045
19162
4514
6264
13663
21517
16170
14035
10963
6508
9306
17815
10900
9590
10316
9187
6119
11657
7613
6775
6556
6814
8386
8955
9282
11180
22241
10724
12157
9641
11160
15480
12208
8111
9201
5915
10499
8864
18039
17613
10197
15779
15624
17266
10899
29994
13692
18066
27285
22428
24024
18175
17550
19921
30426
15113
12851
9338
8523
11299
7775
16140
6619
5956
6778
9637
6743
8451
10069
10261
14033
7469
7384
27599
11128
21482
16637
13552
19863
20206
19438
25459
15332
9646
8016
8567
10255
18339
15171
17986
7734
11364
12386
9010
8109
8618
14969
10932
16062
7564
5425
7065
6897
8814
12389
7789
11604
18547
12300
9094
15078
9920
10152
15453
10768
5141
17106
6512
13397
10648
28919
19195
15836
12632
16420
15420
24394
9440
16794
7938
11120
9816
18209
12108
11008
7346
13485
15745
10989
7148
5463
7364
8148
10562
6403
7345
5546
8829
9113
7678
6169
9877
8791
18088
15152
13598
7676
5900
8156
22554
16375
17794
17674
26581
